10.0000	18.0000	36.0000	94.0000	1.0024	0.9952	0.9926	0.9940	0.9916	17.8134	16.8368	16.1594	16.3171	17.7002	16.8180	2.0543	0.0000	19.0000	0.0000	0.0000	-0.7405
10.0000	18.0000	36.0000	307.0000	1.0015	0.9950	0.9909	0.9924	0.9921	17.8364	16.9115	16.0502	16.2506	17.5440	16.6510	2.0386	0.0000	19.0000	0.0000	0.0000	-0.7405
10.0000	18.0000	36.0000	497.0000	1.0019	0.9949	0.9932	0.9937	0.9957	17.9340	17.0774	16.2489	16.4085	17.7222	16.7496	2.0741	0.0000	19.0000	0.0000	0.0000	-0.7405
10.0000	18.0000	36.0000	698.0000	1.0040	0.9976	0.9863	0.9938	0.9873	17.8476	16.6728	16.3221	16.2425	17.4358	16.4370	2.0549	0.0000	19.0000	0.0000	0.0000	-0.7405
10.0000	18.0000	36.0000	907.0000	1.0006	0.9932	0.9897	0.9911	0.9912	17.8591	16.9127	15.8032	16.4061	17.7476	16.7429	2.0388	0.0000	19.0000	0.0000	0.0000	-0.7405
10.0000	18.0000	37.0000	94.0000	1.0015	0.9944	0.9902	0.9927	0.9946	17.7624	16.8074	16.1115	16.2588	17.4526	16.5404	2.0318	0.0000	19.0000	0.0000	0.0000	-0.7405
10.0000	18.0000	37.0000	306.0000	1.0039	0.9971	0.9888	0.9944	0.9903	17.8113	17.0282	16.2968	16.1999	17.6580	16.5203	2.0471	0.0000	19.0000	0.0000	0.0000	-0.7405
10.0000	18.0000	37.0000	502.0000	1.0030	0.9946	0.9885	0.9945	0.9931	17.7683	17.1520	16.2091	16.1975	17.6920	16.5868	2.0256	0.0000	19.0000	0.0000	0.0000	-0.7405
10.0000	18.0000	37.0000	705.0000	1.0034	0.9974	0.9925	0.9946	0.9964	17.7163	17.0404	16.5318	16.2793	17.5052	16.6213	2.0392	0.0000	19.0000	0.0000	0.0000	-0.7405
10.0000	18.0000	37.0000	907.0000	1.0002	0.9937	0.9943	0.9923	0.9915	17.7718	16.9325	15.9042	16.5687	17.3534	16.5696	2.0277	0.0000	19.0000	0.0000	0.0000	-0.7405
10.0000	18.0000	38.0000	93.0000	1.0010	0.9941	0.9873	0.9923	0.9875	17.8971	17.1935	15.9205	16.3243	17.6642	16.5432	2.0085	0.0000	19.0000	0.0000	0.0000	-0.7405
10.0000	18.0000	38.0000	296.0000	1.0025	0.9929	0.9893	0.9944	0.9898	17.7949	17.3333	15.9363	16.2353	17.7739	16.6198	2.0367	0.0000	19.0000	0.0000	0.0000	-0.7405
10.0000	18.0000	38.0000	506.0000	1.0005	0.9948	0.9927	0.9937	0.9877	17.9375	17.1980	15.9545	16.2009	17.6336	16.7998	2.0378	0.0000	19.0000	0.0000	0.0000	-0.7405
10.0000	18.0000	38.0000	704.0000	1.0032	0.9944	0.9903	0.9935	0.9928	17.8322	17.2548	16.2044	16.2138	17.4205	16.5097	2.0213	0.0000	19.0000	0.0000	0.0000	-0.7405
10.0000	18.0000	38.0000	904.0000	1.0005	0.9917	0.9925	0.9926	0.9921	17.8079	17.5528	15.9219	16.1368	17.5254	16.6423	2.0493	0.0000	19.0000	0.0000	0.0000	-0.7405
10.0000	18.0000	43.0000	115.0000	1.0009	0.9955	0.9959	0.9940	0.9923	17.9503	17.1769	16.1507	15.9832	17.9425	17.0215	2.0223	0.0000	19.0000	0.0000	0.0000	-0.7405
10.0000	18.0000	43.0000	308.0000	1.0018	0.9954	0.9928	0.9934	0.9946	17.9019	16.8866	16.1651	16.1287	17.5967	16.6404	2.0332	0.0000	19.0000	0.0000	0.0000	-0.7405
10.0000	18.0000	43.0000	509.0000	1.0012	0.9943	0.9942	0.9934	0.9952	17.9510	17.1827	16.1977	16.3181	17.4478	16.5782	2.0314	0.0000	19.0000	0.0000	0.0000	-0.7405
10.0000	18.0000	43.0000	712.0000	1.0024	0.9961	0.9934	0.9946	0.9917	17.9629	17.4009	16.4356	16.6735	17.1647	16.1923	2.0499	0.0000	19.0000	0.0000	0.0000	-0.7405
10.0000	18.0000	43.0000	902.0000	1.0020	0.9941	0.9930	0.9924	0.9948	17.7924	16.9976	16.1804	16.4611	17.4875	16.6361	2.0268	0.0000	19.0000	0.0000	0.0000	-0.7405
10.0000	22.0000	14.0000	162.0000	0.9940	1.1787	1.1790	1.1733	1.0250	35.9253	498.8424	384.6611	100.3913	349.5018	16.6806	12.8352	37000.0000	442.2000	1.2369	0.0000	2.1211
10.0000	22.0000	14.0000	376.0000	0.9857	1.1774	1.1754	1.1734	1.0253	35.9316	498.6484	384.5213	100.2464	349.3213	16.6859	12.8391	37000.0000	442.2000	1.2369	0.0000	2.1211
10.0000	22.0000	14.0000	573.0000	0.9910	1.1781	1.1803	1.1723	1.0270	35.9857	498.3925	385.1087	99.7762	349.3127	16.6610	12.8759	37000.0000	442.2000	1.2369	0.0000	2.1211
10.0000	22.0000	14.0000	774.0000	0.9906	1.1773	1.1779	1.1749	1.0251	35.9303	500.5986	384.9564	99.3255	349.3055	16.3742	12.8790	37000.0000	442.2000	1.2369	0.0000	2.1211
10.0000	22.0000	14.0000	976.0000	0.9911	1.1796	1.1785	1.1726	1.0261	35.6843	500.7938	385.5544	108.9788	349.7231	16.6936	12.9172	37000.0000	442.2000	1.2369	0.0000	2.1211
10.0000	22.0000	15.0000	164.0000	0.9899	1.1766	1.1783	1.1724	1.0349	35.9322	500.9272	385.5032	108.7803	350.2925	16.8051	12.8849	37000.0000	442.2000	1.2369	0.0000	2.1211
10.0000	22.0000	15.0000	377.0000	0.9891	1.1789	1.1740	1.1718	1.0269	35.8494	500.9087	385.5362	99.0026	350.0033	16.9712	12.8352	37000.0000	442.2000	1.2369	0.0000	2.1211
10.0000	22.0000	15.0000	564.0000	0.9900	1.1766	1.1772	1.1728	1.0257	35.9039	501.3458	384.8502	98.8869	349.9659	16.9444	12.8201	37000.0000	442.2000	1.2369	0.0000	2.1211
10.0000	22.0000	15.0000	767.0000	0.9905	1.1779	1.1782	1.1713	1.0259	36.1524	500.0325	385.0823	110.2254	349.8040	17.0134	12.8358	37000.0000	442.2000	1.2369	0.0000	2.1211
10.0000	22.0000	15.0000	974.0000	0.9890	1.1766	1.1770	1.1719	1.0267	35.9226	499.4071	385.1197	99.2476	350.1876	16.8377	12.8257	37000.0000	442.2000	1.2369	0.0000	2.1211
10.0000	22.0000	18.0000	170.0000	0.9906	1.1762	1.1797	1.1707	1.0252	35.8661	499.7881	385.9834	98.2798	351.4615	16.8898	12.7925	37000.0000	442.2000	1.2369	0.0000	2.1211
10.0000	22.0000	18.0000	381.0000	0.9904	1.1755	1.1751	1.1711	1.0249	36.0128	499.9917	386.3395	97.7881	351.3485	16.9401	12.8090	37000.0000	442.2000	1.2369	0.0000	2.1211
10.0000	22.0000	18.0000	582.0000	0.9909	1.1752	1.1755	1.1687	1.0249	36.2544	499.7224	386.0906	98.0330	351.4295	16.7213	12.7318	37000.0000	442.2000	1.2369	0.0000	2.1211
10.0000	22.0000	18.0000	770.0000	0.9918	1.1754	1.1786	1.1703	1.0249	35.9788	499.3197	386.3343	98.2454	351.6890	16.9813	12.7877	37000.0000	442.2000	1.2369	0.0000	2.1211
10.0000	22.0000	18.0000	966.0000	0.9904	1.1753	1.1801	1.1694	1.0252	36.0383	498.4116	386.5038	98.6659	351.7848	16.9784	12.6788	37000.0000	442.2000	1.2369	0.0000	2.1211
10.0000	22.0000	20.0000	175.0000	0.9907	1.1736	1.1745	1.1687	1.0320	36.0966	499.6145	386.0485	99.4279	351.7163	16.9540	12.6732	36500.0000	442.2000	1.2369	0.0000	2.1211
10.0000	22.0000	20.0000	375.0000	0.9908	1.1704	1.1751	1.1693	1.0259	36.1036	499.6413	386.0116	98.8390	351.7225	16.8970	12.6819	36500.0000	442.2000	1.2369	0.0000	2.1211
10.0000	22.0000	20.0000	574.0000	0.9908	1.1742	1.1744	1.1688	1.0378	35.9479	499.6037	385.9436	98.4439	351.6172	16.9415	12.6490	36500.0000	442.2000	1.2369	0.0000	2.1211
10.0000	22.0000	20.0000	783.0000	0.9900	1.1745	1.1742	1.1684	1.0303	35.9278	499.9323	386.3012	98.9452	351.7197	16.7127	12.6482	36500.0000	442.2000	1.2369	0.0000	2.1211
10.0000	22.0000	20.0000	984.0000	0.9910	1.1742	1.1937	1.1686	1.0262	35.7107	500.1519	386.3635	98.9768	351.7676	16.9741	12.6470	36500.0000	442.2000	1.2369	0.0000	2.1211
10.0000	22.0000	23.0000	183.0000	0.9908	1.1727	1.1735	1.1701	1.0266	35.9169	499.9247	387.4885	98.1894	352.9481	16.9626	12.6323	36500.0000	442.2000	1.2369	0.0000	2.1211
10.0000	22.0000	23.0000	389.0000	0.9907	1.1739	1.1753	1.1671	1.0250	36.1564	499.6745	387.1826	98.0077	353.1243	16.9573	12.6687	36500.0000	442.2000	1.2369	0.0000	2.1211
10.0000	22.0000	23.0000	586.0000	0.9882	1.1728	1.1744	1.1681	1.0250	35.9266	500.0421	387.2295	98.2210	353.0539	16.9492	12.6563	36500.0000	442.2000	1.2369	0.0000	2.1211
10.0000	22.0000	23.0000	792.0000	0.9907	1.1736	1.1723	1.1679	1.0309	35.8819	499.9291	387.3602	98.3090	353.1238	16.9444	12.6837	36500.0000	442.2000	1.2369	0.0000	2.1211
10.0000	22.0000	23.0000	986.0000	0.9924	1.1767	1.1684	1.1683	1.0251	35.9022	501.0402	387.6068	98.4315	352.9883	16.6519	12.6137	36500.0000	442.2000	1.2369	0.0000	2.1211
10.0000	23.0000	1.0000	222.0000	0.9818	1.3367	1.3535	1.3269	1.0563	47.2557	502.7848	349.8062	112.4249	333.0694	16.7726	22.5635	49000.0000	419.2000	1.5624	7.0000	2.8742
10.0000	23.0000	1.0000	431.0000	0.9773	1.3346	1.3572	1.3279	1.0514	47.4350	502.8863	349.8455	112.0202	333.0905	17.0258	22.6337	49000.0000	419.2000	1.5624	7.0000	2.8742
10.0000	23.0000	1.0000	621.0000	0.9796	1.3329	1.3641	1.3272	1.0549	47.4492	503.4600	349.7047	112.0226	333.0057	16.4958	22.5194	49000.0000	419.2000	1.5624	7.0000	2.8742
10.0000	23.0000	1.0000	817.0000	0.9800	1.3352	1.3558	1.3263	1.0590	47.3861	504.0260	350.0226	111.8724	332.6393	16.6562	22.5260	49000.0000	419.2000	1.5624	7.0000	2.8742
10.0000	23.0000	2.0000	21.0000	0.9757	1.3329	1.3553	1.3258	1.0460	47.4706	504.1856	348.8104	111.7437	332.3841	16.7726	22.4479	49000.0000	419.2000	1.5624	7.0000	2.8742
10.0000	23.0000	3.0000	225.0000	0.9803	1.3344	1.3506	1.3255	1.0560	47.6141	503.8359	347.5111	112.8076	331.4626	16.7175	22.4601	49000.0000	419.2000	1.5624	7.0000	2.8742
10.0000	23.0000	3.0000	431.0000	0.9795	1.3324	1.3527	1.3220	1.0556	47.7921	503.9392	347.4010	112.7612	331.3659	16.9640	22.4201	49000.0000	419.2000	1.5624	7.0000	2.8742
10.0000	23.0000	3.0000	631.0000	0.9749	1.3314	1.3527	1.3241	1.0465	47.6787	503.7644	347.5499	113.1305	331.4463	16.8089	22.3736	49000.0000	419.2000	1.5624	7.0000	2.8742
10.0000	23.0000	3.0000	825.0000	0.9768	1.3317	1.3520	1.3250	1.0534	47.6407	503.8122	347.1357	113.5610	331.1715	16.6696	22.4746	49000.0000	419.2000	1.5624	7.0000	2.8742
10.0000	23.0000	4.0000	32.0000	0.9823	1.3287	1.3520	1.3248	1.0553	47.6799	503.8397	346.7580	114.6162	330.4679	16.7860	22.4834	49000.0000	419.2000	1.5624	7.0000	2.8742
10.0000	23.0000	5.0000	222.0000	0.9792	1.3278	1.3515	1.3243	1.0552	47.9106	502.9712	346.2233	113.4667	330.2208	17.1881	22.4003	48500.0000	419.2000	1.5624	7.0000	2.8742
10.0000	23.0000	5.0000	435.0000	0.9847	1.3347	1.3459	1.3281	1.0549	47.7250	502.9807	346.4377	112.9774	330.2596	16.9985	22.4925	48500.0000	419.2000	1.5624	7.0000	2.8742
10.0000	23.0000	5.0000	626.0000	0.9801	1.3321	1.3545	1.3207	1.0549	47.8118	503.0369	346.2276	113.0046	330.2199	16.8089	22.3895	48500.0000	419.2000	1.5624	7.0000	2.8742
10.0000	23.0000	5.0000	830.0000	0.9756	1.3319	1.3540	1.3250	1.0567	47.9928	503.5423	346.1558	112.7396	330.1427	16.9128	22.5076	48500.0000	419.2000	1.5624	7.0000	2.8742
10.0000	23.0000	6.0000	29.0000	0.9797	1.3339	1.3561	1.3274	1.0523	47.8966	503.7274	345.9566	112.9099	330.0843	17.1752	22.5833	48500.0000	419.2000	1.5624	7.0000	2.8742
10.0000	23.0000	7.0000	236.0000	0.9801	1.3354	1.3689	1.3264	1.0562	48.0612	502.4511	344.5744	112.4942	329.1610	16.9377	22.6580	48500.0000	419.2000	1.5624	7.0000	2.8742
10.0000	23.0000	7.0000	430.0000	0.9808	1.3392	1.3614	1.3274	1.0550	47.7477	502.4262	344.6496	113.0238	329.7189	16.8965	22.6636	48500.0000	419.2000	1.5624	7.0000	2.8742
10.0000	23.0000	7.0000	633.0000	0.9766	1.3344	1.3579	1.3266	1.0600	48.0587	502.8493	344.3734	112.4823	329.5867	16.9186	22.5951	48500.0000	419.2000	1.5624	7.0000	2.8742
10.0000	23.0000	7.0000	838.0000	0.9822	1.3302	1.3528	1.3250	1.0567	48.1417	505.1147	344.4873	112.5454	329.3243	16.8942	22.5107	48500.0000	419.2000	1.5624	7.0000	2.8742
10.0000	23.0000	8.0000	36.0000	0.9809	1.3340	1.3556	1.3278	1.0585	48.0247	507.3259	344.7080	112.7827	329.4047	16.8118	22.5709	48500.0000	419.2000	1.5624	7.0000	2.8742
10.0000	23.0000	9.0000	228.0000	0.9769	1.3313	1.3506	1.3235	1.0553	48.2881	504.6265	343.6394	112.7392	328.3641	16.7807	22.3745	48500.0000	419.2000	1.5624	7.0000	2.8742
10.0000	23.0000	9.0000	435.0000	0.9796	1.3305	1.3586	1.3232	1.0552	48.5560	503.8850	343.4245	112.7181	328.4589	17.4873	22.4265	48500.0000	419.2000	1.5624	7.0000	2.8742
10.0000	23.0000	9.0000	642.0000	0.9818	1.3306	1.3510	1.3263	1.0551	48.2915	504.9992	342.4177	112.4220	328.4584	16.6423	22.4120	48500.0000	419.2000	1.5624	7.0000	2.8742
10.0000	23.0000	9.0000	837.0000	0.9828	1.3303	1.3491	1.3292	1.0537	48.2466	504.4363	343.0482	112.8659	328.3789	16.6811	22.3988	48500.0000	419.2000	1.5624	7.0000	2.8742
10.0000	23.0000	10.0000	38.0000	0.9814	1.3326	1.3541	1.3223	1.0570	48.4805	502.2775	343.7898	122.0667	327.9407	16.6825	22.3557	48500.0000	419.2000	1.5624	7.0000	2.8742
10.0000	23.0000	11.0000	237.0000	0.9810	1.3317	1.3516	1.3305	1.0497	48.3926	503.4230	343.3728	112.5373	327.6687	16.4082	22.4436	48500.0000	414.6000	1.5624	7.0000	2.8742
10.0000	23.0000	11.0000	438.0000	0.9800	1.3342	1.3542	1.3248	1.0620	48.3368	502.8225	343.7180	114.3067	327.5997	16.7965	22.5678	48500.0000	414.6000	1.5624	7.0000	2.8742
10.0000	23.0000	11.0000	632.0000	0.9805	1.3325	1.3522	1.3252	1.0556	48.4232	504.1396	343.0889	112.4856	327.7606	16.5442	22.5319	48500.0000	414.6000	1.5624	7.0000	2.8742
10.0000	23.0000	11.0000	830.0000	0.9800	1.3328	1.3529	1.3251	1.0645	48.3530	502.9246	343.8123	112.5052	327.5964	16.6763	22.4777	48500.0000	414.6000	1.5624	7.0000	2.8742
10.0000	23.0000	12.0000	41.0000	0.9808	1.3292	1.3557	1.3249	1.0544	48.3796	502.7255	343.2991	114.4091	327.2300	16.7175	22.4242	48500.0000	414.6000	1.5624	7.0000	2.8742
10.0000	23.0000	42.0000	283.0000	0.9570	1.5481	1.6179	1.5403	1.0919	64.2556	498.7377	305.3841	127.3496	324.8733	16.6026	37.8585	59500.0000	377.8000	1.8227	13.0000	3.4766
10.0000	23.0000	42.0000	480.0000	0.9631	1.5535	1.6260	1.5368	1.0927	64.4658	499.7919	305.1959	127.3056	324.5241	16.6596	38.0524	59500.0000	377.8000	1.8553	14.0000	3.5519
10.0000	23.0000	42.0000	683.0000	0.9584	1.5577	1.6314	1.5490	1.0990	64.3124	501.4824	305.3304	127.0545	324.6587	16.6524	38.3814	59500.0000	377.8000	1.8553	14.0000	3.5519
10.0000	23.0000	42.0000	882.0000	0.9632	1.5650	1.6415	1.5509	1.0943	63.9223	501.7855	305.4018	129.2922	324.7095	16.7572	38.5450	59500.0000	377.8000	1.8553	14.0000	3.5519
10.0000	23.0000	43.0000	82.0000	0.9625	1.5639	1.6372	1.5497	1.0958	64.3282	502.2813	306.6144	127.2363	324.6238	16.6533	38.5597	60000.0000	377.8000	1.8553	14.0000	3.5519
10.0000	23.0000	44.0000	275.0000	0.9645	1.5587	1.6419	1.5568	1.0970	64.6845	504.1128	307.0477	128.3150	326.7497	16.7343	38.9518	60500.0000	377.8000	1.8553	14.0000	3.5519
10.0000	23.0000	44.0000	480.0000	0.9627	1.5733	1.6461	1.5571	1.0966	64.6673	503.6872	307.0099	128.9665	326.6845	16.4216	38.9463	60500.0000	377.8000	1.8553	14.0000	3.5519
10.0000	23.0000	44.0000	673.0000	0.9629	1.5704	1.6466	1.5572	1.0980	65.3907	501.8882	306.3320	128.7058	326.9661	16.9459	39.0759	60500.0000	377.8000	1.8553	14.0000	3.5519
10.0000	23.0000	44.0000	880.0000	0.9598	1.5699	1.6542	1.5591	1.0964	65.0081	501.1250	306.9955	128.9206	327.2219	16.9660	39.0206	60500.0000	377.8000	1.8553	14.0000	3.5519
10.0000	23.0000	45.0000	78.0000	0.9633	1.5726	1.6485	1.5609	1.0984	64.9605	500.5475	306.2597	128.7947	327.1208	16.8970	39.1403	60500.0000	377.8000	1.8553	14.0000	3.5519
10.0000	23.0000	47.0000	285.0000	0.9642	1.5390	1.6201	1.5288	1.0911	66.0842	498.0530	303.8679	129.5128	327.9096	16.8525	37.3970	61000.0000	377.8000	1.8227	13.0000	3.4766
10.0000	23.0000	47.0000	482.0000	0.9656	1.5387	1.6078	1.5305	1.0905	65.8802	499.0160	303.0545	129.0822	327.8626	17.0057	37.2907	60500.0000	377.8000	1.8227	13.0000	3.4766
10.0000	23.0000	47.0000	686.0000	0.9645	1.5367	1.6087	1.5255	1.0922	65.9112	496.1711	303.7683	129.2722	326.8493	16.9482	37.1570	60500.0000	377.8000	1.8227	13.0000	3.4766
10.0000	23.0000	47.0000	876.0000	0.9651	1.5367	1.6059	1.5269	1.0940	65.7094	495.1271	303.8837	129.1669	326.9738	16.8223	37.2307	60500.0000	377.8000	1.8227	13.0000	3.4766
10.0000	23.0000	48.0000	76.0000	0.9689	1.5371	1.5972	1.5256	1.0932	65.3256	494.9944	303.8300	128.9244	326.9177	16.9257	37.1223	60000.0000	377.8000	1.8227	13.0000	3.4766
10.0000	23.0000	52.0000	295.0000	0.9665	1.5254	1.5941	1.5146	1.0885	64.8970	500.3427	305.6794	127.8141	323.8872	16.4815	36.6414	59000.0000	377.8000	1.8227	13.0000	3.4766
10.0000	23.0000	52.0000	484.0000	0.9657	1.5275	1.5960	1.5185	1.0902	64.8934	499.9017	306.2611	127.5194	323.9897	16.7615	36.6014	59000.0000	377.8000	1.8227	13.0000	3.4766
10.0000	23.0000	52.0000	694.0000	0.9652	1.5289	1.5975	1.5166	1.0900	64.4016	499.8207	306.7552	130.6149	323.8589	16.7031	36.5252	59000.0000	377.8000	1.8227	13.0000	3.4766
10.0000	23.0000	52.0000	892.0000	0.9623	1.5245	1.5932	1.5178	1.0905	64.7346	500.5239	306.7217	127.4577	323.9169	16.6122	36.6067	59000.0000	377.8000	1.8227	13.0000	3.4766
10.0000	23.0000	53.0000	90.0000	0.9655	1.5273	1.5953	1.5177	1.0883	64.6405	500.6541	307.0985	137.3722	323.8067	16.7433	36.5977	59000.0000	377.8000	1.8227	13.0000	3.4766
10.0000	23.0000	55.0000	283.0000	0.9665	1.5234	1.5896	1.5176	1.0827	64.8357	500.0919	306.6561	127.8720	322.9279	16.6323	36.3409	59000.0000	377.8000	1.8227	13.0000	3.4766
10.0000	23.0000	55.0000	497.0000	0.9622	1.5231	1.5888	1.5150	1.0939	64.8776	500.0861	306.6183	130.0858	323.1434	17.0244	36.3463	59000.0000	377.8000	1.8227	13.0000	3.4766
10.0000	23.0000	55.0000	692.0000	0.9659	1.5197	1.5889	1.5152	1.0889	64.8684	499.8864	306.7696	137.1120	323.2363	16.9640	36.4177	59000.0000	377.8000	1.8227	13.0000	3.4766
10.0000	23.0000	55.0000	892.0000	0.9663	1.5249	1.5910	1.5164	1.0776	64.8462	500.5909	307.2191	127.7921	323.5381	16.6940	36.4569	59000.0000	377.8000	1.8227	13.0000	3.4766
10.0000	23.0000	56.0000	87.0000	0.9658	1.5251	1.5918	1.5179	1.0816	64.8682	500.6400	307.4187	127.7199	323.6693	17.1632	36.5438	59000.0000	377.8000	1.8227	13.0000	3.4766
10.0000	23.0000	58.0000	289.0000	0.9654	1.5311	1.5982	1.5181	1.0898	64.4227	503.0892	307.2775	127.0813	323.4533	16.6447	36.5665	59000.0000	377.8000	1.8227	13.0000	3.4766
10.0000	23.0000	58.0000	495.0000	0.9654	1.5314	1.5975	1.5174	1.0905	64.5370	503.0241	306.8366	127.7897	323.4576	16.6414	36.5508	59000.0000	377.8000	1.8227	13.0000	3.4766
10.0000	23.0000	58.0000	695.0000	0.9659	1.5263	1.5953	1.5172	1.0815	64.7827	503.1167	307.1233	127.6520	323.1492	16.8525	36.5498	59000.0000	377.8000	1.8227	13.0000	3.4766
10.0000	23.0000	58.0000	897.0000	0.9649	1.5266	1.5938	1.5168	1.0937	64.8730	503.3828	307.3345	128.1801	323.1832	16.9396	36.5766	59000.0000	377.8000	1.8227	13.0000	3.4766
10.0000	23.0000	59.0000	99.0000	0.9644	1.5253	1.5943	1.5179	1.0907	64.9188	503.7389	306.6958	137.7386	323.2833	16.9502	36.7126	59000.0000	377.8000	1.8227	13.0000	3.4766
10.0000	24.0000	40.0000	351.0000	0.9457	1.7770	1.8913	1.7712	1.1339	83.3197	524.0114	300.6842	143.5382	346.4468	16.6893	54.7594	69500.0000	377.8000	2.0831	19.0000	4.0790
10.0000	24.0000	40.0000	549.0000	0.9514	1.7853	1.8860	1.7712	1.1344	83.2169	524.0650	300.8225	153.0556	346.4741	16.6280	54.8431	69500.0000	377.8000	2.0831	19.0000	4.0790
10.0000	24.0000	40.0000	748.0000	0.9455	1.7832	1.9048	1.7717	1.1336	83.4638	524.1601	300.8441	143.7205	346.5000	16.8065	54.8052	69500.0000	377.8000	2.0831	19.0000	4.0790
10.0000	24.0000	40.0000	960.0000	0.9457	1.7819	1.8906	1.7672	1.1323	83.5886	526.1517	300.8350	143.5301	346.2016	16.7840	54.7635	69500.0000	377.8000	2.0831	19.0000	4.0790
10.0000	24.0000	41.0000	162.0000	0.9420	1.7818	1.8966	1.7737	1.1395	83.2912	526.1415	300.9159	143.8511	346.5058	16.6993	54.7562	69500.0000	377.8000	2.0831	19.0000	4.0790
10.0000	24.0000	43.0000	365.0000	0.9430	1.7781	1.8919	1.7713	1.1320	83.6622	524.8633	301.7930	144.3887	346.8918	16.8223	54.7111	69500.0000	377.8000	2.0831	19.0000	4.0790
10.0000	24.0000	43.0000	560.0000	0.9459	1.7823	1.8944	1.7732	1.1311	83.5680	525.0790	300.9767	143.9572	346.9808	16.7357	54.7643	69500.0000	377.8000	2.0831	19.0000	4.0790
10.0000	24.0000	43.0000	765.0000	0.9450	1.7800	1.8913	1.7735	1.1263	83.5632	524.7478	301.8528	144.2108	346.7265	16.8487	54.5728	69500.0000	377.8000	2.0831	19.0000	4.0790
10.0000	24.0000	43.0000	955.0000	0.9460	1.7838	1.8969	1.7691	1.1317	83.8052	525.2864	301.2615	144.2596	346.6954	16.4269	54.7829	69500.0000	377.8000	2.0831	19.0000	4.0790
10.0000	24.0000	44.0000	153.0000	0.9444	1.7845	1.8995	1.7731	1.1319	83.0865	524.8486	300.9743	147.1948	346.7189	16.7357	54.8640	69500.0000	377.8000	2.0831	19.0000	4.0790
10.0000	24.0000	46.0000	367.0000	0.9422	1.7868	1.8976	1.7774	1.1512	83.8572	524.7203	301.4210	146.8628	346.1423	17.0363	55.1075	69500.0000	377.8000	2.0831	19.0000	4.0790
10.0000	24.0000	46.0000	568.0000	0.9445	1.7868	1.9107	1.7760	1.1339	84.0588	524.0548	301.4760	144.7724	346.4454	16.8190	55.0983	69500.0000	377.8000	2.0831	19.0000	4.0790
10.0000	24.0000	46.0000	756.0000	0.9482	1.7911	1.8997	1.7790	1.1331	83.6913	524.8607	301.3578	144.7097	347.2610	17.0100	55.2784	69500.0000	377.8000	2.0831	19.0000	4.0790
10.0000	24.0000	46.0000	967.0000	0.9453	1.7890	1.9015	1.7793	1.1299	83.8329	523.1052	302.3919	144.6083	347.6355	16.8013	55.1540	69500.0000	377.8000	2.0831	19.0000	4.0790
10.0000	24.0000	47.0000	166.0000	0.9462	1.7945	1.8950	1.7823	1.1330	83.9392	522.3873	302.4924	147.1307	347.5119	16.8573	55.5065	69500.0000	377.8000	2.0831	19.0000	4.0790
10.0000	24.0000	49.0000	361.0000	0.9429	1.7982	1.9123	1.7855	1.1369	84.2201	525.9398	302.0778	144.6379	347.6058	17.1091	55.6244	70000.0000	377.8000	2.0831	19.0000	4.0790
10.0000	24.0000	49.0000	572.0000	0.9407	1.7979	1.9115	1.7881	1.1416	84.5026	526.2768	302.2004	145.9467	347.6456	17.0502	55.7847	70000.0000	377.8000	2.0831	19.0000	4.0790
10.0000	24.0000	49.0000	774.0000	0.9437	1.8008	1.9134	1.7873	1.1356	84.4883	525.7573	302.1539	144.8202	347.4818	16.9952	55.7608	70000.0000	377.8000	2.0831	19.0000	4.0790
10.0000	24.0000	49.0000	975.0000	0.9460	1.7952	1.9128	1.7920	1.1332	84.4505	526.3540	302.0658	144.1907	347.6077	17.0536	55.8999	70000.0000	377.8000	2.0831	19.0000	4.0790
10.0000	24.0000	50.0000	173.0000	0.9407	1.8016	1.9163	1.7872	1.1367	84.8316	525.3917	302.0395	154.4122	347.6010	16.8377	56.0980	70000.0000	377.8000	2.0831	19.0000	4.0790
10.0000	25.0000	34.0000	220.0000	0.9094	2.1209	2.2760	2.1105	1.2061	106.9710	562.8270	325.4824	160.6089	378.6293	17.2566	80.0019	79500.0000	373.2000	2.4412	27.0000	4.9074
10.0000	25.0000	34.0000	430.0000	0.9184	2.1255	2.2800	2.1099	1.1892	106.9733	562.9036	326.0009	160.2094	378.3405	17.1575	80.0725	80000.0000	373.2000	2.4412	27.0000	4.9074
10.0000	25.0000	34.0000	625.0000	0.9151	2.1232	2.2732	2.1078	1.2035	106.8722	562.5647	326.2925	159.9889	378.5316	16.9018	80.0037	80000.0000	373.2000	2.4412	27.0000	4.9074
10.0000	25.0000	34.0000	829.0000	0.9185	2.1240	2.2713	2.1048	1.1958	107.0962	562.5124	325.7754	169.4408	378.3903	16.9731	79.8112	80000.0000	373.2000	2.4412	27.0000	4.9074
10.0000	25.0000	35.0000	25.0000	0.9146	2.1217	2.2767	2.1123	1.1989	107.1006	563.1378	325.8060	169.2236	378.4626	17.2211	80.0974	79500.0000	373.2000	2.4412	27.0000	4.9074
10.0000	25.0000	36.0000	223.0000	0.9199	2.1294	2.2791	2.1114	1.2027	106.6375	563.7198	325.5241	162.2195	378.5843	16.5576	80.2551	79500.0000	373.2000	2.4412	27.0000	4.9074
10.0000	25.0000	36.0000	424.0000	0.9154	2.1282	2.2881	2.1096	1.1970	107.1190	563.3605	325.7926	160.1252	378.4013	16.8415	80.0708	79500.0000	373.2000	2.4412	27.0000	4.9074
10.0000	25.0000	36.0000	630.0000	0.9167	2.1291	2.2835	2.1099	1.1956	107.4062	563.2208	325.3397	160.4457	378.6264	16.9272	80.1579	79500.0000	373.2000	2.4412	27.0000	4.9074
10.0000	25.0000	36.0000	820.0000	0.9162	2.1216	2.2779	2.1109	1.1987	107.1666	564.0382	326.0641	160.7313	378.2495	16.5696	80.0704	79500.0000	373.2000	2.4412	27.0000	4.9074
10.0000	25.0000	37.0000	33.0000	0.9190	2.1202	2.2703	2.1065	1.1913	107.1601	562.8749	325.9219	160.9868	378.0393	16.9320	79.7443	79500.0000	373.2000	2.4412	27.0000	4.9074
10.0000	25.0000	39.0000	229.0000	0.9204	2.0962	2.2549	2.0883	1.1933	107.3285	562.9623	326.1306	162.9696	379.2916	17.0478	78.6108	79500.0000	373.2000	2.4737	27.0000	4.9827
10.0000	25.0000	39.0000	433.0000	0.9191	2.0943	2.2452	2.0765	1.1908	107.7425	563.1959	325.5140	160.6141	378.6485	16.9822	78.0913	79500.0000	373.2000	2.3761	26.0000	4.7568
10.0000	25.0000	39.0000	634.0000	0.9198	2.1046	2.2549	2.0840	1.1913	107.6452	562.7849	325.4652	160.7093	378.6858	16.9540	78.8477	79500.0000	373.2000	2.3761	26.0000	4.7568
10.0000	25.0000	39.0000	841.0000	0.9208	2.1041	2.2619	2.0921	1.1998	107.4384	562.9164	325.1923	168.6764	379.1446	16.6763	79.0198	79500.0000	373.2000	2.3761	26.0000	4.7568
10.0000	25.0000	40.0000	20.0000	0.9157	2.1105	2.2669	2.1009	1.1827	107.4705	563.7153	325.3972	160.7175	378.6437	17.0440	79.4910	79500.0000	373.2000	2.3761	27.0000	4.7568
10.0000	25.0000	42.0000	240.0000	0.9163	2.1223	2.2774	2.1085	1.1964	107.2510	566.2066	326.2321	160.5926	378.5939	17.6142	79.8692	79500.0000	373.2000	2.4412	27.0000	4.9074
10.0000	25.0000	42.0000	436.0000	0.9165	2.1255	2.2798	2.1134	1.1955	107.4814	566.2845	324.4823	160.4142	378.6116	16.8424	80.1369	79500.0000	373.2000	2.4412	27.0000	4.9074
10.0000	25.0000	42.0000	626.0000	0.9164	2.1225	2.2746	2.1110	1.1914	107.5129	567.0904	325.9770	160.7280	378.4449	17.1934	79.9071	79500.0000	373.2000	2.4412	27.0000	4.9074
10.0000	25.0000	42.0000	839.0000	0.9178	2.1220	2.2757	2.1126	1.1977	107.4888	566.0407	326.5926	160.6624	379.1130	17.1216	79.9583	79500.0000	373.2000	2.4412	27.0000	4.9074
10.0000	25.0000	43.0000	36.0000	0.9211	2.1267	2.2679	2.1080	1.1957	107.0322	565.8327	326.3777	160.8734	379.1839	16.8975	79.9534	79500.0000	373.2000	2.4412	27.0000	4.9074
10.0000	25.0000	44.0000	232.0000	0.9083	2.1277	2.2776	2.1125	1.2066	107.7568	565.7325	325.7232	169.8909	379.1844	16.9564	80.3226	79500.0000	373.2000	2.4412	27.0000	4.9074
10.0000	25.0000	44.0000	440.0000	0.9168	2.1272	2.2785	2.1149	1.1951	107.7692	566.3649	326.2704	159.9717	379.0498	16.9401	80.2989	80000.0000	373.2000	2.4412	27.0000	4.9074
10.0000	25.0000	44.0000	632.0000	0.9223	2.1306	2.2661	2.1135	1.2049	107.6809	565.0886	325.8266	161.1456	378.8506	17.1637	80.4526	80000.0000	373.2000	2.4412	27.0000	4.9074
10.0000	25.0000	44.0000	840.0000	0.9168	2.1282	2.2824	2.1132	1.2023	107.7304	565.8933	326.8512	165.4848	378.6810	17.1895	80.3579	80000.0000	373.2000	2.4412	27.0000	4.9074
10.0000	25.0000	45.0000	37.0000	0.9158	2.1302	2.2871	2.1176	1.2040	107.8082	564.7765	326.6836	164.8959	378.8946	16.9253	80.6597	80000.0000	373.2000	2.4412	27.0000	4.9074
10.0000	26.0000	22.0000	272.0000	0.8826	2.5567	2.7232	2.5446	1.2946	133.7541	603.4965	348.3144	185.1419	407.3578	16.9664	113.1125	90000.0000	391.6000	2.9945	40.0000	6.1876
10.0000	26.0000	22.0000	474.0000	0.8814	2.5482	2.7244	2.5447	1.3053	133.8500	602.6650	347.8567	185.8083	407.3511	16.9420	113.7341	90000.0000	391.6000	2.9945	40.0000	6.1876
10.0000	26.0000	22.0000	680.0000	0.8824	2.5574	2.7099	2.5443	1.3017	133.9441	602.8826	345.4812	185.4782	407.2965	17.1019	114.3931	90000.0000	391.6000	2.9945	40.0000	6.1876
10.0000	26.0000	22.0000	870.0000	0.8819	2.5581	2.7179	2.5491	1.3066	134.0161	602.6331	348.6237	189.5882	407.2606	17.0315	118.4951	90000.0000	391.6000	2.9945	40.0000	6.1876
10.0000	26.0000	23.0000	78.0000	0.8802	2.5644	2.7274	2.5397	1.3069	134.3699	602.4850	348.1038	185.7939	407.2252	17.0617	120.8707	90000.0000	391.6000	2.9945	40.0000	6.1876
10.0000	26.0000	24.0000	278.0000	0.8818	2.5463	2.7139	2.5367	1.3017	134.5502	603.5979	348.1885	189.6141	407.3942	16.9966	134.9550	90000.0000	391.6000	2.9945	40.0000	6.1876
10.0000	26.0000	24.0000	485.0000	0.8763	2.5484	2.7167	2.5393	1.3032	134.5083	603.4205	348.2192	193.5342	407.5724	16.7864	136.3086	90000.0000	391.6000	2.9945	40.0000	6.1876
10.0000	26.0000	24.0000	684.0000	0.8815	2.5495	2.7149	2.5380	1.2884	134.5528	603.5935	348.0444	190.4335	408.1964	17.0450	135.5092	90000.0000	391.6000	2.9945	40.0000	6.1876
10.0000	26.0000	24.0000	881.0000	0.8855	2.5492	2.7103	2.5315	1.3024	134.3917	601.7958	347.8055	185.7255	408.2376	17.2470	137.1845	90000.0000	391.6000	2.9945	40.0000	6.1876
10.0000	26.0000	25.0000	88.0000	0.8842	2.5503	2.7030	2.5385	1.3000	134.4934	603.0881	347.7998	185.9044	408.6485	16.7582	137.2052	90000.0000	391.6000	2.9945	40.0000	6.1876
10.0000	26.0000	28.0000	281.0000	0.8850	2.5561	2.7104	2.5432	1.3039	134.7197	607.0535	348.5145	185.4667	408.1370	16.9980	155.5371	90000.0000	391.6000	2.9945	40.0000	6.1876
10.0000	26.0000	28.0000	487.0000	0.8819	2.5531	2.7151	2.5441	1.3032	135.1133	606.9935	349.5448	185.8264	408.2443	16.9846	154.0496	90000.0000	391.6000	2.9945	40.0000	6.1876
10.0000	26.0000	28.0000	686.0000	0.8818	2.5543	2.7151	2.5474	1.3013	135.0831	606.8461	349.3246	186.1842	408.5747	17.0368	157.2242	90000.0000	391.6000	2.9945	40.0000	6.1876
10.0000	26.0000	28.0000	889.0000	0.8830	2.5515	2.7099	2.5421	1.2973	135.2967	608.1792	347.5235	186.1709	408.8334	16.8851	152.3751	90000.0000	391.6000	2.9945	40.0000	6.1876
10.0000	26.0000	29.0000	92.0000	0.8848	2.5528	2.6987	2.5431	1.2989	135.0613	608.3355	348.3771	186.0484	408.6226	16.3967	143.0553	90000.0000	391.6000	2.9945	40.0000	6.1876
10.0000	26.0000	32.0000	287.0000	0.8809	2.5499	2.7079	2.5352	1.3061	135.3415	605.7740	349.2518	186.2015	408.3832	17.0823	151.3881	90000.0000	391.6000	2.9945	40.0000	6.1876
10.0000	26.0000	32.0000	486.0000	0.8798	2.5497	2.7175	2.5363	1.2999	135.4380	604.2648	348.9330	186.6923	408.5518	17.1680	155.5559	90000.0000	391.6000	2.9945	40.0000	6.1876
10.0000	26.0000	32.0000	694.0000	0.8816	2.5499	2.7085	2.5391	1.2992	135.6161	606.4128	346.8605	186.4746	408.6988	17.0450	152.3945	90000.0000	391.6000	2.9945	40.0000	6.1876
10.0000	26.0000	32.0000	884.0000	0.8829	2.5518	2.7202	2.5432	1.2824	135.4284	607.0229	349.1556	186.1154	408.8353	16.9961	150.9454	90000.0000	391.6000	2.9945	40.0000	6.1876
10.0000	26.0000	33.0000	96.0000	0.8826	2.5510	2.7283	2.5383	1.3028	135.6110	606.6668	348.1086	186.1015	408.5949	17.0665	155.0321	90000.0000	391.6000	2.9945	40.0000	6.1876
10.0000	26.0000	35.0000	288.0000	0.8842	2.5451	2.7070	2.5376	1.2826	135.6954	607.7931	349.8498	187.0946	409.6882	17.0062	154.5353	90000.0000	396.2000	2.9945	40.0000	6.1876
10.0000	26.0000	35.0000	493.0000	0.8840	2.5478	2.7012	2.5384	1.2995	135.9888	607.3917	348.0952	186.7669	409.3008	16.9200	156.1749	90000.0000	396.2000	2.9945	40.0000	6.1876
10.0000	26.0000	35.0000	694.0000	0.8824	2.5485	2.7065	2.5394	1.2957	135.8831	607.7612	348.4231	186.3474	409.3496	16.4623	154.1995	90000.0000	396.2000	2.9945	40.0000	6.1876
10.0000	26.0000	35.0000	897.0000	0.8830	2.5551	2.7099	2.5440	1.3029	135.8457	607.3272	348.4140	186.2818	408.7677	17.2245	153.6345	90000.0000	396.2000	2.9945	40.0000	6.1876
10.0000	26.0000	36.0000	80.0000	0.8828	2.5733	2.7240	2.5603	1.3096	135.6838	605.3618	349.7267	187.5404	409.6317	17.1110	155.8779	90000.0000	396.2000	2.9945	40.0000	6.1876
10.0000	27.0000	7.0000	327.0000	0.8384	2.9882	3.1478	2.9773	1.4125	163.9036	687.7734	372.8431	221.1574	429.6426	16.9765	183.7010	98500.0000	451.4000	3.8082	59.0000	8.0702
10.0000	27.0000	7.0000	526.0000	0.8393	2.9879	3.1425	2.9796	1.4109	164.0183	687.1359	372.5161	221.1460	430.0545	16.9861	183.4807	98500.0000	451.4000	3.8082	59.0000	8.0702
10.0000	27.0000	7.0000	731.0000	0.8449	2.9891	3.1461	2.9805	1.4119	164.0481	686.0964	372.1983	227.7564	430.0003	16.9095	184.5835	98500.0000	451.4000	3.8082	59.0000	8.0702
10.0000	27.0000	7.0000	933.0000	0.8512	2.9896	3.1282	2.9779	1.4107	163.3979	685.9470	371.7454	221.7372	430.0176	16.8405	182.2275	98500.0000	451.4000	3.8082	59.0000	8.0702
10.0000	27.0000	8.0000	130.0000	0.8500	2.9851	3.1420	2.9759	1.4165	163.9713	686.0415	371.7387	226.5414	430.0727	17.1326	181.9705	98500.0000	451.4000	3.8082	59.0000	8.0702
10.0000	27.0000	10.0000	336.0000	0.8490	2.9877	3.1571	2.9753	1.4066	164.7289	683.6414	370.8745	227.0704	430.8322	17.0564	187.2000	98500.0000	451.4000	3.8082	59.0000	8.0702
10.0000	27.0000	10.0000	526.0000	0.8496	2.9947	3.1447	2.9655	1.4089	164.7715	683.6982	372.3883	225.2694	430.7130	16.9631	187.9034	98500.0000	451.4000	3.8082	59.0000	8.0702
10.0000	27.0000	10.0000	723.0000	0.8457	2.9846	3.1393	2.9767	1.4092	164.7350	683.4034	373.0332	233.4828	430.8059	17.1752	185.2283	98500.0000	451.4000	3.8082	59.0000	8.0702
10.0000	27.0000	10.0000	929.0000	0.8439	2.9855	3.1413	2.9785	1.4106	164.7215	683.3555	372.9633	225.2235	430.6502	16.9937	186.7057	98500.0000	451.4000	3.8082	59.0000	8.0702
10.0000	27.0000	11.0000	134.0000	0.8497	2.9870	3.1434	2.9760	1.3972	164.8040	683.6274	373.1275	233.6091	430.8925	16.9013	187.5026	98500.0000	451.4000	3.8082	59.0000	8.0702
10.0000	27.0000	12.0000	323.0000	0.8490	2.9882	3.1383	2.9754	1.4121	165.2442	680.6307	372.7948	231.9726	431.4476	17.1498	184.9722	98500.0000	451.4000	3.8082	59.0000	8.0702
10.0000	27.0000	12.0000	529.0000	0.8490	2.9832	3.1436	2.9666	1.4078	165.3474	680.6900	371.9268	227.5765	431.6875	16.9023	188.3922	98500.0000	451.4000	3.8082	59.0000	8.0702
10.0000	27.0000	12.0000	737.0000	0.8517	2.9854	3.1429	2.9735	1.4053	164.3904	681.6466	373.3985	227.4555	431.7033	17.1187	186.1557	99000.0000	451.4000	3.8082	59.0000	8.0702
10.0000	27.0000	12.0000	940.0000	0.8478	2.9903	3.1436	2.9806	1.4109	165.3111	682.2388	373.6958	227.4182	431.8657	17.0172	185.1257	99000.0000	451.4000	3.8082	59.0000	8.0702
10.0000	27.0000	13.0000	133.0000	0.8521	2.9939	3.1516	2.9737	1.4076	165.3585	680.7704	373.5900	227.4005	431.6459	17.0828	185.9493	99000.0000	451.4000	3.8082	59.0000	8.0702
10.0000	27.0000	14.0000	339.0000	0.8483	2.9884	3.1533	2.9764	1.4085	165.5143	683.2030	371.2590	229.1178	432.2335	16.7400	180.3619	98500.0000	451.4000	3.8082	59.0000	8.0702
10.0000	27.0000	14.0000	539.0000	0.8505	2.9836	3.1468	2.9785	1.4149	165.3134	682.9190	373.9289	230.0640	432.5089	16.9631	188.6852	98500.0000	451.4000	3.8082	59.0000	8.0702
10.0000	27.0000	14.0000	738.0000	0.8502	2.9890	3.1415	2.9773	1.4111	164.8050	683.0697	374.0007	230.0879	432.5391	16.9387	189.8741	99000.0000	451.4000	3.8082	59.0000	8.0702
10.0000	27.0000	14.0000	930.0000	0.8417	2.9766	3.1430	2.9744	1.4102	165.4715	683.3153	374.9357	234.4768	432.6980	17.0593	188.5649	99000.0000	451.4000	3.8082	59.0000	8.0702
10.0000	27.0000	15.0000	136.0000	0.8492	2.9924	3.1527	2.9676	1.4091	165.5464	682.7640	373.8423	229.5842	432.6430	17.0880	189.4741	99000.0000	451.4000	3.8082	59.0000	8.0702
